-6
-7
-23
-11
-2
-17
3
7
24
20
6
12
-5
1
-18
-30
-13
-19
-37
-36
-21
-35
-25
-29
-31
-26
-20
-12
-9
8
-1
17
16
33
18
25
19
2
-15
4
23
10
28
13
29
36
26
21
43
51
38
42
45
64
81
62
61
50
52
53
40
41
44
30
46
37
56
69
49
55
77
87
93
108
95
82
74
90
110
105
106
113
124
111
116
100
98
94
119
114
104
92
83
99
97
78
75
63
68
85
101
112
128
138
142
145
156
144
163
166
183
198
192
186
182
185
195
203
218
211
224
227
233
235
251
271
274
263
266
255
267
273
276
287
292
294
306
302
300
304
307
303
323
324
343
357
362
346
331
315
311
301
288
278
260
270
264
257
254
252
238
250
248
242
231
226
220
240
229
228
237
236
241
247
258
239
230
216
212
206
205
207
201
189
209
197
184
175
172
165
148
162
153
173
169
161
160
154
170
176
158
146
152
130
115
125
131
151
135
136
118
122
141
150
133
134
147
168
191
187
194
178
181
177
174
157
137
127
107
123
126
140
129
132
103
102
109
91
96
89
73
79
72
57
66
88
86
65
47
48
58
71
84
60
54
32
22
31
35
27
11
14
9
-10
-16
-27
-24
-32
-48
-62
-78
-93
-99
-96
-83
-75
-94
-112
-120
-111
-126
-140
-142
-124
-141
-139
-121
-127
-130
-149
-133
-137
-131
-110
-116
-109
-92
-100
-104
-98
-79
-81
-76
-56
-59
-65
-60
-55
-72
-90
-74
-70
-63
-57
-49
-43
-44
-34
-47
-51
-61
-53
-67
-50
-41
-39
-46
-68
-84
-64
-77
-69
-86
-85
-66
-52
-33
-22
-28
-3
15
34
39
59
76
80
70
117
121
120
143
167
159
149
180
199
188
171
179
155
164
196
214
213
217
204
208
225
223
234
245
249
246
243
265
284
298
277
290
299
285
269
289
305
291
296
281
293
282
283
286
262
253
244
222
210
200
193
190
202
215
232
221
256
268
259
275
297
279
261
280
272
295
314
317
325
340
338
349
363
373
388
396
395
408
409
427
416
420
424
435
444
426
417
430
412
422
425
419
414
404
393
379
377
368
371
367
361
374
372
355
351
358
364
352
345
359
353
335
354
336
334
321
327
312
326
333
342
328
337
318
319
332
330
320
309
322
316
310
329
339
356
348
341
360
376
375
382
398
383
366
378
394
392
406
403
387
370
365
381
410
407
405
418
400
415
411
397
385
369
350
389
380
399
402
391
401
413
432
428
440
453
472
475
456
465
449
459
477
489
483
481
470
490
505
520
524
536
498
507
540
564
570
574
538
491
476
463
460
461
473
487
496
464
471
455
450
421
433
431
446
434
423
384
344
347
313
308
386
390
442
443
533
645
797
717
82517
82499
82514
82505
82516
82518
82513
82529
82524
82539
82538
82540
82526
82519
82531
82521
82512
82532
82546
82537
82549
82558
82571
82574
82585
82599
82596
82606
82614
82626
82631
82641
82642
82656
82651
82652
82648
82635
82644
82662
82679
82695
82704
82703
82693
82706
82719
82730
82712
82727
82718
82705
82708
82709
82720
82717
82707
82726
82715
82728
82740
82732
82722
82716
82729
82734
82721
82714
82713
82731
82738
82752
82750
82755
82756
82772
82765
82783
82796
82790
82808
82807
82819
82815
82805
82812
82797
82788
82781
82774
82768
82779
82763
82770
82766
82777
82773
82767
82753
82754
82760
82757
82759
82780
82792
82776
82794
82789
82806
82810
82829
82835
82822
82839
82836
82834
82817
82824
82821
82814
82828
82845
82853
82860
82843
82861
82846
82842
82849
82851
82852
82838
82837
82831
82840
82830
82826
82841
82827
82809
82795
82786
82775
82784
82787
82799
82800
82803
82793
82778
82785
82791
82804
82813
82820
82816
82825
82811
82832
82823
82847
82857
82863
82869
82850
82872
82862
82844
82854
82868
82864
82867
82874
82888
82899
82915
82905
82916
82907
82902
82896
82894
82879
82882
82866
82885
82893
82895
82878
82881
82886
82900
82884
82880
82875
82876
82873
82877
82883
82901
82917
82921
82903
82909
82919
82913
82914
82920
82929
82946
82938
82923
82911
82912
82906
82910
82922
82924
82941
82932
82925
82935
82947
82964
82972
82987
82994
82976
82975
82979
82992
82989
83005
83009
83011
83003
82998
83012
83022
83040
83025
83044
83033
83029
83013
83026
83042
83027
83037
83017
83010
82995
82985
82983
82977
82996
82993
82984
82966
82978
82970
82973
82986
83006
83024
83008
83023
83035
83036
83018
83028
83014
82997
82990
82981
82961
82969
82960
82967
82956
82937
82944
82930
82936
82940
82954
82962
82951
82953
82952
82933
82949
82958
82948
82968
82980
82991
83004
83001
82999
83002
82982
82988
82971
82974
82965
82959
82943
82950
82957
82934
82928
82942
82939
82908
82890
82871
82859
82833
82856
82865
82858
82848
82870
82887
82904
82897
82889
82898
82926
82931
82955
82927
82963
83000
83007
83019
83038
83053
83050
83030
83047
83065
83069
83061
83070
83066
83064
83045
83056
83055
83058
83051
83059
83068
83060
83079
83088
83100
83089
83084
83071
83080
83074
83081
83098
83085
83101
83111
83106
83126
83132
83131
83148
83134
83144
83162
83161
83164
83154
83150
83140
83130
83114
83112
83119
83135
83123
83129
83137
83159
83166
83160
83147
83133
83143
83142
83121
83120
83128
83113
83122
83105
83103
83082
83086
83067
83054
83046
83072
83076
83049
83041
83043
83073
83062
578
578
10
